0.00666956
0.0071305
0.0386352
0.0278774
0.0172377
0.0129657
0.0111493
0.0103738
0.0102482
0.0105107
0.0106356
0.0104399
0.0104158
0.0105167
0.00992017
0.00938575
0.00913524
0.00863689
0.00816928
0.00793213
0.00755135
0.00741842
0.00721267
0.00698086
0.00681452
0.00651191
0.00601156
0.00538896
0.00500551
0.00448913
0.0039507
0.00366679
0.00346037
0.00317646
0.00300544
0.00283911
0.00279568
0.00260396
0.00251244
0.00246702
0.00244497
0.00231404
0.0022646
0.00220916
0.00218645
0.00218645
0.0021791
0.00211564
0.0021123
0.00213434
0.00215572
0.00364074
0.00205685
0.00218177
0.00221784
0.00246969
0.00232807
0.00243829
0.0033595
0.00269348
0.00276562
0.0028371
0.00305555
0.00315709
0.00328735
0.00348976
0.0038211
0.00394268
0.00416246
0.00428137
0.00457263
0.00467217
0.00492535
0.00517319
0.00531213
0.00573767
0.00581983
0.00611978
0.00643642
0.00656268
0.00682855
0.00704499
0.00740105
0.00753532
0.00775711
0.00785931
0.00807776
0.00837904
0.00852133
0.00869702
0.00887939
0.00921073
0.00916864
0.00934834
0.00952537
0.00938575
0.00938041
0.00931026
0.00951268
0.00943251
0.00959217
0.00937306
0.00988143
0.00936571
0.00942717
0.00938709
0.0093096
0.00917799
0.00905307
0.00897558
0.00897024
0.00880457
0.00877651
0.00849527
0.00817863
0.00807976
0.00784996
0.00775176
0.00758342
0.00739036
0.00706236
0.00679782
0.00646782
0.00631551
0.00611844
0.00574769
0.0054738
0.00517653
0.00481178
0.00444771
0.00417582
0.00386586
0.00358128
0.00329537
0.0030816
0.00283643
0.00270082
0.0024276
0.00227529
0.00208758
0.00191857
0.00178563
0.00162664
0.00155115
0.00200875
0.00134139
0.00125589
0.00120044
0.00112763
0.00102809
0.000972644
0.00097398
0.000854404
0.000874445
0.00102675
0.000792946
0.000828351
0.00074418
0.000736164
0.000707438
0.000983333
0.000699422
0.000705434
0.000611243
0.000625939
0.00117572
0.000657337
0.00047363
0.000458265
0.000410167
0.000454257
0.000389459
0.000426868
0.000418852
0.000394135
0.000386786
0.000416848
0.00043622
0.000449581
0.000479642
0.000485654
0.000530412
0.0012806
0.000602559
0.00111293
0.00068339
0.000761548
0.000823675
0.000905842
0.00104546
0.00107218
0.00112896
0.00112896
0.00119376
0.00113765
0.0011991
0.00120245
0.00106416
0.0010822
0.00102341
0.000943919
0.000929891
0.000919202
0.000774909
0.000899162
0.00075754
0.000656001
0.000609907
0.000561809
0.000560473
0.000518387
0.000452253
0.000381442
0.000341361
0.000264538
0.000208424
0.000164334
0.000142289
0.000119576
0.000734159
0.00011156
0.000116904
0.000104212
7.54868e-05
0.00010488
0.000108888
0.000119576
0.000138949
0.000106884
0.000122917
7.61549e-05
9.75317e-05
0.000435552
0.000116236
0.000129597
0.000120913
0.000159658
0.000178363
0.000220448
0.00199138
0.000203748
0.000311968
0.000252513
0.000240489
0.000509703
0.00177895
0.00027055
0.00250977
0.00112295
0.00101473
0.00132002
0.000408831
8.81793e-05
9.08514e-05
0.000211764
0.00512041
